#r g
0.25 0 0 2
0.75 0 0 17
1.25 0 0 59
1.75 1.25833 151 120
2.25 0.337349 56 166
2.75 0.336478 107 318
3.25 0.0448878 18 401
3.75 0.142602 80 561
4.25 0.0410053 31 756
4.75 0.0838852 76 906
5.25 0.0404676 45 1112
5.75 0.0486009 66 1358
6.25 0.0466418 75 1608
6.75 0.0258481 48 1857
7.25 0.0463392 100 2158
7.75 0.0180476 44 2438
8.25 0.0301339 81 2688
8.75 0.00874352 27 3088
9.25 0.0259248 89 3433
9.75 0.0136734 52 3803
10.25 0.0513179 220 4287
10.75 0.0608563 280 4601
11.25 0.186084 928 4987
11.75 0.49754 2730 5487
12.25 1.48426 8956 6034
12.75 2.80397 17637 6290
13.25 3.47191 24043 6925
13.75 3.05284 23397 7664
14.25 2.63012 20920 7954
14.75 1.88642 16327 8655
15.25 1.45018 13420 9254
15.75 1.04045 10187 9791
16.25 0.810519 8491 10476
16.75 0.642124 7003 10906
17.25 0.552032 6440 11666
17.75 0.504149 6136 12171
18.25 0.50807 6516 12825
18.75 0.510522 7011 13733
19.25 0.567133 8110 14300
19.75 0.604108 9264 15335
20.25 0.669751 10712 15994
20.75 0.729872 12202 16718
21.25 0.854637 15004 17556
21.75 0.956447 17700 18506
22.25 1.15037 21757 18913
22.75 1.28134 25300 19745
23.25 1.35661 28714 21166
23.75 1.38614 30093 21710
24.25 1.43566 32031 22311
24.75 1.38367 32883 23765
25.25 1.41054 33956 24073
25.75 1.34692 34368 25516
26.25 1.34452 35057 26074
26.75 1.21868 33694 27648
27.25 1.17571 33122 28172
27.75 1.06597 30926 29012
28.25 0.974812 29490 30252
28.75 0.889494 27770 31220
29.25 0.844049 27424 32491
29.75 0.808008 26838 33215
30.25 0.798424 27560 34518
30.75 0.796123 28420 35698
31.25 0.852349 31138 36532
31.75 0.884205 33583 37981
32.25 0.94789 37308 39359
32.75 1.01803 40311 39597
33.25 1.0736 44301 41264
33.75 1.12713 47600 42231
34.25 1.1741 51261 43660
34.75 1.20157 53882 44843
35.25 1.24027 56905 45881
35.75 1.23767 58122 46961
36.25 1.24528 59761 47990
36.75 1.18449 59479 50215
37.25 1.17598 60149 51148
37.75 1.12492 58957 52410
38.25 1.0934 58649 53639
38.75 1.05786 57998 54826
39.25 1.03601 58459 56427
39.75 0.994893 57474 57769
40.25 0.972609 57986 59619
40.75 0.949505 57465 60521
41.25 0.953404 58887 61765
41.75 0.944662 59850 63356
42.25 0.957276 61482 64226
42.75 0.95886 63629 66359
43.25 0.990857 66972 67590
43.75 1.02432 70140 68475
44.25 1.06622 74708 70068
44.75 1.07955 77488 71778
45.25 1.10135 81261 73783
45.75 1.12184 83657 74571
46.25 1.13114 86739 76683
46.75 1.12533 88202 78379
47.25 1.12999 89981 79630
47.75 1.10817 90431 81604
48.25 1.11568 92614 83011
48.75 1.09378 92152 84251
49.25 1.07826 92809 86073
49.75 1.05505 92299 87483
50.25 1.0437 93389 89479
50.75 1.01612 92540 91072
51.25 1.01513 94308 92902
51.75 1.00598 94782 94219
52.25 1.01087 96443 95406
52.75 0.992559 97103 97831
53.25 1.00834 99796 98971
53.75 1.00472 101568 101091
54.25 1.0249 104727 102183
54.75 1.02926 107212 104164
55.25 1.04624 111089 106179
55.75 1.05954 113385 107013
56.25 1.06283 117130 110206
56.75 1.07336 119288 111135
57.25 1.08929 123434 113316
57.75 1.08617 125050 115129
58.25 1.09455 127461 116451
58.75 1.07477 127930 119030
59.25 1.08308 129791 119835
59.75 1.06832 130206 121879
60.25 1.06455 132103 124093
60.75 1.05547 132385 125428
61.25 1.0478 133752 127650
61.75 1.04089 134369 129091
62.25 1.03165 136106 131930
62.75 1.02408 136319 133114
63.25 1.03311 139289 134825
63.75 1.01967 139770 137074
64.25 1.02746 142945 139124
64.75 1.02512 144599 141055
65.25 1.03556 147705 142633
65.75 1.03877 149962 144365
66.25 1.04585 154433 147662
66.75 1.04436 155448 148845
67.25 1.05869 159877 151014
67.75 1.04734 160546 153289
68.25 1.06415 165041 155092
68.75 1.05647 166331 157440
69.25 1.06651 168953 158416
69.75 1.04845 169523 161689
70.25 1.05978 173039 163278
70.75 1.05283 173976 165246
71.25 1.05735 176421 166852
71.75 1.04535 177081 169398
72.25 1.0438 178900 171393
72.75 1.03938 179674 172866
73.25 1.03673 182210 175754
73.75 1.0237 182018 177804
74.25 1.03259 185591 179733
74.75 1.02044 186630 182891
75.25 1.03518 189681 183234
75.75 1.02475 191155 186538
76.25 1.0364 196011 189126
76.75 1.03376 197028 190594
77.25 1.0405 200198 192405
77.75 1.04235 201965 193759
78.25 1.05045 206692 196765
78.75 1.04776 208056 198573
79.25 1.04813 210786 201106
79.75 1.04428 212879 203852
80.25 1.04887 215251 205221
80.75 1.04403 217145 207988
81.25 1.04959 220069 209672
81.75 1.03912 220774 212463
82.25 1.05077 224669 213813
82.75 1.03611 224314 216496
83.25 1.0397 227605 218914
83.75 1.02908 228241 221791
84.25 1.03031 231397 224590
84.75 1.0338 232805 225193
85.25 1.03215 235257 227928
85.75 1.02336 236640 231239
86.25 1.03831 240499 231625
86.75 1.03129 242352 234998
87.25 1.03956 245674 236324
87.75 1.03131 247174 239671
88.25 1.03312 250463 242434
88.75 1.033 252373 244311
89.25 1.03721 256291 247096
89.75 1.03622 257796 248784
90.25 1.03991 260606 250604
90.75 1.0382 263245 253560
91.25 1.03835 265914 256092
91.75 1.02975 266570 258868
92.25 1.04398 270816 259407
92.75 1.03414 272244 263257
93.25 1.03998 274957 264388
93.75 1.02888 275617 267880
94.25 1.03115 278926 270500
94.75 1.02712 280033 272640
95.25 1.03098 283683 275159
95.75 1.02754 284192 276574
96.25 1.0329 288828 279628
96.75 1.0253 289506 282361
97.25 1.03716 294219 283677
97.75 1.02127 294672 288535
98.25 1.03274 298470 289009
98.75 1.02533 298879 291496
99.25 1.03282 303851 294195
99.75 1.02942 304624 295918
100.25 1.02994 308811 299833
100.75 1.02829 309081 300579
101.25 1.02772 313407 304953
101.75 1.03 315739 306543
102.25 1.0295 318408 309283
102.75 1.02505 319978 312157
103.25 1.03241 323938 313769
103.75 1.02388 324959 317381
104.25 1.02892 327790 318578
104.75 1.01957 328662 322354
105.25 1.02535 332338 324121
105.75 1.02254 334004 326641
106.25 1.02705 338131 329226
106.75 1.0268 339310 330453
107.25 1.02437 342448 334302
107.75 1.01909 343557 337121
108.25 1.02348 347482 339511
108.75 1.01752 348268 342271
109.25 1.02466 352955 344462
109.75 1.02306 354346 346360
110.25 1.02814 358423 348612
110.75 1.02379 359910 351545
111.25 1.02322 363210 354969
111.75 1.02031 364196 356946
112.25 1.01948 367510 360486
112.75 1.0232 369427 361050
113.25 1.02646 373994 364352
113.75 1.02083 374354 366715
114.25 1.0224 378574 370280
114.75 1.02062 379162 371503
115.25 1.02253 382357 373934
115.75 1.01969 384819 377389
116.25 1.01797 387225 380391
116.75 1.01612 388219 382062
117.25 1.02127 393049 384864
117.75 1.01836 393929 386826
118.25 1.01926 398021 390499
118.75 1.01766 399400 392470
119.25 1.01535 401725 395650
119.75 1.01741 405438 398500
120.25 1.01981 407731 399809
120.75 1.01564 410147 403831
121.25 1.01761 413018 405871
121.75 1.01681 415110 408249
122.25 1.02149 418830 410019
122.75 1.01615 420014 413339
123.25 1.0202 424969 416553
123.75 1.01519 424395 418044
124.25 1.01925 429417 421306
124.75 1.01645 430057 423097
125.25 1.02043 434860 426153
125.75 1.01145 435009 430086
126.25 1.0165 439083 431954
126.75 1.0135 440032 434169
127.25 1.0164 443542 436387
127.75 1.00811 444025 440451
128.25 1.0163 449902 442686
128.75 1.0142 450168 443866
129.25 1.0125 453693 448090
129.75 1.01561 456499 449481
130.25 1.01334 458793 452753
130.75 1.01102 461162 456136
131.25 1.0143 464894 458342
131.75 1.01074 466341 461386
132.25 1.01294 470076 464071
132.75 1.00884 471105 466978
133.25 1.01996 475941 466626
133.75 1.00936 476464 472045
134.25 1.01483 481319 474287
134.75 1.01009 481039 476235
135.25 1.01707 486490 478327
135.75 1.01149 487623 482085
136.25 1.01079 490417 485181
136.75 1.00855 490814 486653
137.25 1.01058 494206 489034
137.75 1.00447 494813 492612
138.25 1.01317 500419 493915
138.75 1.01083 501228 495856
139.25 1.00909 505088 500539
139.75 1.01184 506453 500526
140.25 1.00894 511868 507330
140.75 1.00969 512818 507897
141.25 1.00749 515782 511950
141.75 1.00701 516974 513376
142.25 1.01028 521819 516511
142.75 1.00635 522724 519426
143.25 1.00884 525986 521379
143.75 1.00637 528322 524977
144.25 1.00822 531183 526852
144.75 1.00815 532879 528570
145.25 1.00734 536493 532585
145.75 1.00981 538427 533197
146.25 1.00821 542566 538150
146.75 1.0063 543444 540041
147.25 1.00909 546989 542061
147.75 1.00497 548790 546078
148.25 1.00599 552350 549059
148.75 1.00181 553526 552526
149.25 1.00513 556033 553193
149.75 1.00287 557383 555789
150.25 1.003 560163 558489
150.75 1.0035 563175 561208
151.25 1.00342 566754 564823
151.75 1.00311 569224 567457
152.25 1.00605 574038 570584
152.75 1.00077 573008 572569
153.25 1.00595 578977 575555
153.75 1.0011 578605 577972
154.25 1.00503 582906 579986
154.75 1.00148 583605 582740
155.25 1.00545 588693 585501
155.75 0.999407 588555 588904
156.25 1.00583 592889 589455
156.75 0.998835 592230 592921
157.25 1.00178 598364 597302
157.75 1.00054 598218 597893
158.25 1.0031 603415 601550
158.75 1.00111 604468 603800
159.25 1.00467 607834 605006
159.75 0.998971 609553 610181
160.25 1.00197 612657 611454
160.75 0.998258 613135 614205
161.25 1.00011 617559 617491
161.75 0.998184 618386 619511
162.25 1.00164 623594 622570
162.75 0.998103 623862 625048
163.25 0.99754 627322 628869
163.75 0.999504 628868 629180
164.25 0.999637 633289 633519
164.75 0.999796 635614 635744
165.25 1.00265 637897 636212
165.75 0.992726 639378 644063
166.25 0.997372 642798 644492
166.75 0.997655 644990 646506
167.25 0.998914 648207 648912
167.75 0.996008 649989 652594
168.25 0.996654 653013 655205
168.75 0.994695 652492 655972
169.25 0.99675 656079 658218
169.75 0.997057 659301 661247
170.25 0.996536 661741 664041
170.75 0.994016 663589 667584
171.25 0.995865 667096 669866
171.75 0.997731 670186 671710
172.25 0.994099 671833 675821
172.75 0.995868 672963 675755
173.25 0.993401 676784 681280
173.75 0.996161 678760 681376
174.25 0.995786 683000 685890
174.75 0.995396 683645 686807
175.25 0.99305 686596 691401
175.75 0.99139 687788 693761
176.25 0.996792 692522 694751
176.75 0.994077 693832 697966
177.25 0.995608 696633 699706
177.75 0.990429 697250 703988
178.25 0.99563 701550 704629
178.75 0.992379 701730 707119
179.25 0.995481 707812 711025
179.75 0.992197 707073 712634
180.25 0.993893 711038 715407
180.75 0.992897 711078 716165
181.25 0.994308 717128 721233
181.75 0.990855 716417 723029
182.25 0.994715 720983 724814
182.75 0.991203 721690 728095
183.25 0.992255 724658 730314
183.75 0.990675 725618 732448
184.25 0.990652 730504 737397
184.75 0.992067 731199 737046
185.25 0.990228 734238 741484
185.75 0.990128 735079 742408
186.25 0.989055 739813 748000
186.75 0.989142 739461 747578
187.25 0.993144 744807 749949
187.75 0.987724 744035 753282
188.25 0.99172 748058 754304
188.75 0.988924 750444 758849
189.25 0.989682 751206 759038
189.75 0.990038 755470 763072
190.25 0.990113 758771 766348
190.75 0.99067 758695 765840
191.25 0.989271 761778 770040
191.75 0.988009 763367 772632
192.25 0.990756 766559 773711
192.75 0.987615 767949 777579
193.25 0.993438 773161 778268
193.75 0.989133 772256 780740
194.25 0.990183 777785 785496
194.75 0.989194 777094 785583
195.25 0.989236 780430 788922
195.75 0.985489 780265 791754
196.25 0.990001 785838 793775
196.75 0.986133 784432 795463
197.25 0.990175 789587 797422
197.75 0.988407 791727 801013
198.25 0.989502 794386 802814
198.75 0.983233 793756 807292
199.25 0.988521 799422 808705
199.75 0.981711 798756 813637
200.25 0.987078 803428 813946
200.75 0.98339 802294 815845
201.25 0.987796 807032 817003
201.75 0.98436 806799 819618
202.25 0.984858 812719 825214
202.75 0.984108 812690 825814
203.25 0.986455 816847 828063
203.75 0.984049 817499 830750
204.25 0.98863 820929 830370
204.75 0.982606 821320 835859
205.25 0.987719 825202 835462
205.75 0.982241 824454 839360
206.25 0.986269 828629 840165
206.75 0.985778 830473 842454
207.25 0.985282 832804 845244
207.75 0.983563 832893 846812
208.25 0.98593 838376 850340
208.75 0.986198 839431 851179
209.25 0.983833 840775 854591
209.75 0.981343 842449 858465
210.25 0.983328 844544 858863
210.75 0.98322 846996 861451
211.25 0.985201 850302 863075
211.75 0.984332 851121 864669
212.25 0.984194 854018 867733
212.75 0.984534 854618 868043
213.25 0.984163 858712 872530
213.75 0.981396 858005 874270
214.25 0.982888 862195 877206
214.75 0.983715 864635 878949
215.25 0.983304 865533 880229
215.75 0.981315 867555 884074
216.25 0.986185 871272 883477
216.75 0.981397 870227 886723
217.25 0.98371 875604 890104
217.75 0.982124 875178 891107
218.25 0.982654 876783 892260
218.75 0.981185 879629 896497
219.25 0.979729 881321 899556
219.75 0.982521 883180 898892
220.25 0.982322 886437 902389
220.75 0.983035 888017 903342
221.25 0.983227 890686 905880
221.75 0.981585 890982 907697
222.25 0.981576 893170 909935
222.75 0.982139 894818 911091
223.25 0.979038 897462 916677
223.75 0.981382 897350 914374
224.25 0.97704 899821 920966
224.75 0.981133 903189 920557
225.25 0.978864 905060 924602
225.75 0.980234 904520 922759
226.25 0.982052 908855 925465
226.75 0.97964 909430 928331
227.25 0.982878 913691 929608
227.75 0.981753 915636 932654
228.25 0.981083 916830 934508
228.75 0.978156 917098 937578
229.25 0.977904 919887 940672
229.75 0.981538 920827 938147
230.25 0.981016 924472 942362
230.75 0.981601 925270 942613
231.25 0.97855 927031 947352
231.75 0.977384 927549 949012
232.25 0.981156 932125 950027
232.75 0.979474 931835 951363
233.25 0.979988 934659 953745
233.75 0.975196 934344 958109
234.25 0.97829 937075 957870
234.75 0.977477 938665 960294
235.25 0.98027 942219 961183
235.75 0.978434 943137 963925
236.25 0.979005 944745 965005
236.75 0.974863 943330 967654
237.25 0.979067 949207 969502
237.75 0.976193 948847 971987
238.25 0.978676 951745 972482
238.75 0.974969 952622 977079
239.25 0.978073 954753 976157
239.75 0.976428 955271 978332
240.25 0.979791 960658 980472
240.75 0.979757 961419 981283
241.25 0.976433 961874 985090
241.75 0.977414 963429 985692
242.25 0.977994 966178 987918
242.75 0.974961 966778 991607
243.25 0.980199 969554 989140
243.75 0.974532 968655 993969
244.25 0.976147 971093 994822
244.75 0.978438 973233 994680
245.25 0.974701 973930 999209
245.75 0.979015 974921 995818
246.25 0.977068 978324 1001285
246.75 0.974712 978426 1003810
247.25 0.974989 982157 1007352
247.75 0.974157 980053 1006052
248.25 0.977456 984404 1007108
248.75 0.976285 984730 1008650
249.25 0.978185 988056 1010091
249.75 0.972439 986415 1014372
250.25 0.976957 991097 1014473
250.75 0.973475 991060 1018064
251.25 0.978971 996167 1017565
251.75 0.972884 992822 1020494
252.25 0.974396 996490 1022675
252.75 0.975238 997297 1022619
253.25 0.977771 1000759 1023511
253.75 0.974731 999506 1025417
