5.400000000000000355e-01 1.132535139961056281e+01
5.446464646464647119e-01 1.167232398422703277e+01
5.492929292929292773e-01 1.203895023943704423e+01
5.539393939393939537e-01 1.242646002301733610e+01
5.585858585858586300e-01 1.283622053687589748e+01
5.632323232323233064e-01 1.326975699410494869e+01
5.678787878787878718e-01 1.372877571805531183e+01
5.725252525252525482e-01 1.421519024909003726e+01
5.771717171717172246e-01 1.473115118887472796e+01
5.818181818181819009e-01 1.527908069051132500e+01
5.864646464646464663e-01 1.586171271728178311e+01
5.911111111111111427e-01 1.648214045890887647e+01
5.957575757575758191e-01 1.714387263258228344e+01
6.004040404040403844e-01 1.785090083360053370e+01
6.050505050505050608e-01 1.860778067362515742e+01
6.096969696969697372e-01 1.941973020282200579e+01
6.143434343434344136e-01 2.029275012453267735e+01
6.189898989898989790e-01 2.123377167501593021e+01
6.236363636363636553e-01 2.225083989594264011e+01
6.282828282828283317e-01 2.335334257684658965e+01
6.329292929292928971e-01 2.455229868820799055e+01
6.375757575757575735e-01 2.586072511159935061e+01
6.422222222222222499e-01 2.729410758292616279e+01
6.468686868686869262e-01 2.887101205198883491e+01
6.515151515151516026e-01 3.061388778556922219e+01
6.561616161616161680e-01 3.255013616702287749e+01
6.608080808080808444e-01 3.471355364766621676e+01
6.654545454545455208e-01 3.714631103914996402e+01
6.701010101010100861e-01 3.990171699805787853e+01
6.747474747474747625e-01 4.304815371301322102e+01
6.793939393939394389e-01 4.667480891289844891e+01
6.840404040404040042e-01 5.090023936313124153e+01
6.886868686868686806e-01 5.588554394589996832e+01
6.933333333333333570e-01 6.185532630604214432e+01
6.979797979797980334e-01 6.913240830325047170e+01
7.026262626262627098e-01 7.819810927242818366e+01
7.072727272727272751e-01 8.980313143423914823e+01
7.119191919191919515e-01 1.051866810929835339e+02
7.165656565656566279e-01 1.265510311555127458e+02
7.212121212121211933e-01 1.582227131636345803e+02
7.258585858585858697e-01 2.100276910999418760e+02
7.305050505050505461e-01 3.100992784169795868e+02
7.351515151515151114e-01 5.846912923191961227e+02
7.397979797979797878e-01 4.598154929204117252e+03
7.444444444444444642e-01 nan
7.490909090909091406e-01 nan
7.537373737373738170e-01 nan
7.583838383838383823e-01 nan
7.630303030303030587e-01 nan
7.676767676767677351e-01 nan
7.723232323232323004e-01 nan
7.769696969696969768e-01 nan
7.816161616161616532e-01 nan
7.862626262626262186e-01 nan
7.909090909090908950e-01 nan
7.955555555555555713e-01 nan
8.002020202020201367e-01 nan
8.048484848484849241e-01 nan
8.094949494949494895e-01 nan
8.141414141414141659e-01 nan
8.187878787878788422e-01 nan
8.234343434343434076e-01 nan
8.280808080808080840e-01 nan
8.327272727272727604e-01 nan
8.373737373737373257e-01 nan
8.420202020202020021e-01 nan
8.466666666666666785e-01 nan
8.513131313131312439e-01 nan
8.559595959595960313e-01 nan
8.606060606060605966e-01 nan
8.652525252525252730e-01 nan
8.698989898989899494e-01 nan
8.745454545454545148e-01 nan
8.791919191919191912e-01 nan
8.838383838383838675e-01 nan
8.884848484848484329e-01 nan
8.931313131313131093e-01 nan
8.977777777777777857e-01 nan
9.024242424242423510e-01 nan
9.070707070707071384e-01 nan
9.117171717171717038e-01 nan
9.163636363636363802e-01 nan
9.210101010101010566e-01 nan
9.256565656565656219e-01 nan
9.303030303030302983e-01 nan
9.349494949494949747e-01 nan
9.395959595959595401e-01 nan
9.442424242424242165e-01 nan
9.488888888888888928e-01 nan
9.535353535353534582e-01 nan
9.581818181818182456e-01 nan
9.628282828282828110e-01 nan
9.674747474747474874e-01 nan
9.721212121212121637e-01 nan
9.767676767676767291e-01 nan
9.814141414141414055e-01 nan
9.860606060606060819e-01 nan
9.907070707070706472e-01 nan
9.953535353535353236e-01 nan
1.000000000000000000e+00 nan
