0.005   0   0
0.015   0   0
0.025   0   0
0.035   0   0
0.045   0   0
0.055   0   0
0.065   0   0
0.075   0   0
0.085   0   0
0.095   0   0
0.105   0   0
0.115   0   0
0.125   0   0
0.135   0   0
0.145   0   0
0.155   0   0
0.165   0   0
0.175   0   0
0.185   0   0
0.195   0   0
0.205   0   0
0.215   0   0
0.225   0   0
0.235   0   0
0.245   0   0
0.255   0   0
0.265   0   0
0.275   0   0
0.285   0   0
0.295   0   0
0.305   0   0
0.315   0   0
0.325   0   0
0.335   0   0
0.345   0   0
0.355   0   0
0.365   0   0
0.375   0   0
0.385   0   0
0.395   0   0
0.405   0   0
0.415   0   0
0.425   0   0
0.435   0   0
0.445   0   0
0.455   0   0
0.465   0   0
0.475   0   0
0.485   0   0
0.495   0   0
0.505   0   0
0.515   0   0
0.525   0   0
0.535   0   0
0.545   0   0
0.555   0   0
0.565   0   0
0.575   0   0
0.585   0   0
0.595   0   0
0.605   0   0
0.615   0   0
0.625   0   0
0.635   0   0
0.645   0   0
0.655   0   0
0.665   0   0
0.675   0   0
0.685   0   0
0.695   0   0
0.705   0   0
0.715   0   0
0.725   0   0
0.735   0   0
0.745   0   0
0.755   0   0
0.765   0   0
0.775   0   0
0.785   0   0
0.795   0   0
0.805   0   0
0.815   0   0
0.825   0   0
0.835   0   0
0.845   0   0
0.855   0   0
0.865   0   0
0.875   0   0
0.885   0   0
0.895   0   0
0.905   0   0
0.915   0   0
0.925   0   0
0.935   0   0
0.945   0.003115    0.003115
0.955   0.10712 0.10712
0.965   0.83224 0.83224
0.975   2.38958 2.38958
0.985   3.80998 3.80998
0.995   4.27012 4.27012
1.005   4.04785 4.04785
1.015   3.72536 3.72536
1.025   3.48855 3.48855
1.035   3.25953 3.25953
1.045   3.0336  3.0336
1.055   2.8252  2.8252
1.065   2.61906 2.61906
1.075   2.48516 2.48516
1.085   2.32736 2.32736
1.095   2.16738 2.16738
1.105   2.0454  2.0454
1.115   1.9191  1.9191
1.125   1.81771 1.81771
1.135   1.70903 1.70903
1.145   1.60555 1.60555
1.155   1.51973 1.51973
1.165   1.45186 1.45186
1.175   1.3627  1.3627
1.185   1.30937 1.30937
1.195   1.24188 1.24188
1.205   1.19845 1.19845
1.215   1.13493 1.13493
1.225   1.0966  1.0966
1.235   1.03697 1.03697
1.245   0.996401    0.996401
1.255   0.943637    0.943637
1.265   0.918347    0.918347
1.275   0.894004    0.894004
1.285   0.851235    0.851235
1.295   0.839068    0.839068
1.305   0.799535    0.799535
1.315   0.778284    0.778284
1.325   0.762461    0.762461
1.335   0.742028    0.742028
1.345   0.729621    0.729621
1.355   0.70471 0.70471
1.365   0.693765    0.693765
1.375   0.684476    0.684476
1.385   0.67573 0.67573
1.395   0.657157    0.657157
1.405   0.656573    0.656573
1.415   0.634265    0.634265
1.425   0.628792    0.628792
1.435   0.630326    0.630326
1.445   0.618754    0.618754
1.455   0.611382    0.611382
1.465   0.610892    0.610892
1.475   0.622379    0.622379
1.485   0.614277    0.614277
1.495   0.620077    0.620077
1.505   0.61098 0.61098
1.515   0.614624    0.614624
1.525   0.618887    0.618887
1.535   0.622136    0.622136
1.545   0.634899    0.634899
1.555   0.648663    0.648663
1.565   0.653348    0.653348
1.575   0.652973    0.652973
1.585   0.669696    0.669696
1.595   0.67882 0.67882
1.605   0.681878    0.681878
1.615   0.693767    0.693767
1.625   0.72419 0.72419
1.635   0.740666    0.740666
1.645   0.749452    0.749452
1.655   0.763254    0.763254
1.665   0.784779    0.784779
1.675   0.806252    0.806252
1.685   0.822224    0.822224
1.695   0.839778    0.839778
1.705   0.866051    0.866051
1.715   0.887041    0.887041
1.725   0.907001    0.907001
1.735   0.9294  0.9294
1.745   0.956892    0.956892
1.755   0.964877    0.964877
1.765   1.00341 1.00341
1.775   1.0034  1.0034
1.785   1.03591 1.03591
1.795   1.05773 1.05773
1.805   1.08269 1.08269
1.815   1.0997  1.0997
1.825   1.12363 1.12363
1.835   1.12401 1.12401
1.845   1.14625 1.14625
1.855   1.15753 1.15753
1.865   1.16249 1.16249
1.875   1.1919  1.1919
1.885   1.19961 1.19961
1.895   1.2114  1.2114
1.905   1.22781 1.22781
1.915   1.23393 1.23393
1.925   1.26249 1.26249
1.935   1.27702 1.27702
1.945   1.28522 1.28522
1.955   1.31135 1.31135
1.965   1.30639 1.30639
1.975   1.30661 1.30661
1.985   1.30364 1.30364
1.995   1.30987 1.30987
2.005   1.29296 1.29296
2.015   1.2838  1.2838
2.025   1.28049 1.28049
2.035   1.26968 1.26968
2.045   1.24356 1.24356
2.055   1.22851 1.22851
2.065   1.20897 1.20897
2.075   1.18246 1.18246
2.085   1.16434 1.16434
2.095   1.16808 1.16808
2.105   1.13893 1.13893
2.115   1.11985 1.11985
2.125   1.10517 1.10517
2.135   1.08588 1.08588
2.145   1.07465 1.07465
2.155   1.05458 1.05458
2.165   1.03406 1.03406
2.175   1.03319 1.03319
2.185   1.0035  1.0035
2.195   0.985621    0.985621
2.205   0.978464    0.978464
2.215   0.968356    0.968356
2.225   0.944792    0.944792
2.235   0.939074    0.939074
2.245   0.93289 0.93289
2.255   0.911133    0.911133
2.265   0.906164    0.906164
2.275   0.898366    0.898366
2.285   0.890093    0.890093
2.295   0.881044    0.881044
2.305   0.874819    0.874819
2.315   0.871534    0.871534
2.325   0.862591    0.862591
2.335   0.856851    0.856851
2.345   0.860425    0.860425
2.355   0.851087    0.851087
2.365   0.849276    0.849276
2.375   0.849971    0.849971
2.385   0.846967    0.846967
2.395   0.841868    0.841868
2.405   0.843788    0.843788
2.415   0.841985    0.841985
2.425   0.848395    0.848395
2.435   0.855666    0.855666
2.445   0.849836    0.849836
2.455   0.864804    0.864804
2.465   0.861556    0.861556
2.475   0.872627    0.872627
2.485   0.867528    0.867528
2.495   0.874191    0.874191
2.505   0.878876    0.878876
2.515   0.886959    0.886959
2.525   0.9022  0.9022
2.535   0.90945 0.90945
2.545   0.908914    0.908914
2.555   0.921671    0.921671
2.565   0.934219    0.934219
2.575   0.935485    0.935485
2.585   0.935188    0.935188
2.595   0.946534    0.946534
2.605   0.960302    0.960302
2.615   0.969032    0.969032
2.625   0.976988    0.976988
2.635   0.987343    0.987343
2.645   0.990151    0.990151
2.655   1.00711 1.00711
2.665   1.01724 1.01724
2.675   1.01968 1.01968
2.685   1.02846 1.02846
2.695   1.0431  1.0431
2.705   1.03841 1.03841
2.715   1.04672 1.04672
2.725   1.04827 1.04827
2.735   1.06511 1.06511
2.745   1.06794 1.06794
2.755   1.07565 1.07565
2.765   1.07333 1.07333
2.775   1.07951 1.07951
2.785   1.08762 1.08762
2.795   1.08357 1.08357
2.805   1.09758 1.09758
2.815   1.09414 1.09414
2.825   1.09667 1.09667
2.835   1.10349 1.10349
2.845   1.09636 1.09636
2.855   1.09145 1.09145
2.865   1.09311 1.09311
2.875   1.10205 1.10205
2.885   1.09415 1.09415
2.895   1.09207 1.09207
2.905   1.08927 1.08927
2.915   1.08903 1.08903
2.925   1.08933 1.08933
2.935   1.07688 1.07688
2.945   1.08106 1.08106
2.955   1.07268 1.07268
2.965   1.06397 1.06397
2.975   1.06781 1.06781
2.985   1.06204 1.06204
2.995   1.05351 1.05351
3.005   1.04804 1.04804
3.015   1.04265 1.04265
3.025   1.038   1.038
3.035   1.03584 1.03584
3.045   1.02781 1.02781
3.055   1.02751 1.02751
3.065   1.01544 1.01544
3.075   1.01331 1.01331
3.085   1.00926 1.00926
3.095   1.00279 1.00279
3.105   0.997682    0.997682
3.115   0.991275    0.991275
3.125   0.983164    0.983164
3.135   0.98246 0.98246
3.145   0.974265    0.974265
3.155   0.976807    0.976807
3.165   0.966056    0.966056
3.175   0.96146 0.96146
3.185   0.961147    0.961147
3.195   0.962018    0.962018
3.205   0.954009    0.954009
3.215   0.948385    0.948385
3.225   0.950365    0.950365
3.235   0.950613    0.950613
3.245   0.941624    0.941624
3.255   0.947326    0.947326
3.265   0.944914    0.944914
3.275   0.935719    0.935719
3.285   0.937774    0.937774
3.295   0.939398    0.939398
3.305   0.938072    0.938072
3.315   0.937474    0.937474
3.325   0.941415    0.941415
3.335   0.94117 0.94117
3.345   0.939807    0.939807
3.355   0.944613    0.944613
3.365   0.940501    0.940501
3.375   0.945867    0.945867
3.385   0.946492    0.946492
3.395   0.954063    0.954063
3.405   0.957192    0.957192
3.415   0.954647    0.954647
3.425   0.956508    0.956508
3.435   0.964659    0.964659
3.445   0.964533    0.964533
3.455   0.9695  0.9695
3.465   0.968778    0.968778
3.475   0.970729    0.970729
3.485   0.979129    0.979129
3.495   0.983062    0.983062
3.505   0.989589    0.989589
3.515   0.989982    0.989982
3.525   0.987391    0.987391
3.535   0.991429    0.991429
3.545   0.998452    0.998452
3.555   1.00247 1.00247
3.565   1.01046 1.01046
3.575   1.00909 1.00909
3.585   1.01443 1.01443
3.595   1.01698 1.01698
3.605   1.01038 1.01038
3.615   1.02121 1.02121
3.625   1.02431 1.02431
3.635   1.02313 1.02313
3.645   1.02932 1.02932
3.655   1.02822 1.02822
3.665   1.03151 1.03151
3.675   1.03474 1.03474
3.685   1.0399  1.0399
3.695   1.03634 1.03634
3.705   1.03415 1.03415
3.715   1.04023 1.04023
3.725   1.03453 1.03453
3.735   1.04083 1.04083
3.745   1.0398  1.0398
3.755   1.03983 1.03983
3.765   1.04202 1.04202
3.775   1.04425 1.04425
3.785   1.03992 1.03992
3.795   1.04212 1.04212
3.805   1.03477 1.03477
3.815   1.03214 1.03214
3.825   1.03272 1.03272
3.835   1.03409 1.03409
3.845   1.02946 1.02946
3.855   1.02752 1.02752
3.865   1.03065 1.03065
3.875   1.02687 1.02687
3.885   1.02604 1.02604
3.895   1.01916 1.01916
3.905   1.01694 1.01694
3.915   1.01658 1.01658
3.925   1.00968 1.00968
3.935   1.01599 1.01599
3.945   1.00747 1.00747
3.955   1.00521 1.00521
3.965   1.0016  1.0016
3.975   1.0041  1.0041
3.985   1.00246 1.00246
3.995   1.00551 1.00551
4.005   0.996222    0.996222
4.015   0.997264    0.997264
4.025   0.995838    0.995838
4.035   0.990881    0.990881
4.045   0.991619    0.991619
4.055   0.985597    0.985597
4.065   0.987535    0.987535
4.075   0.984142    0.984142
4.085   0.984344    0.984344
4.095   0.982189    0.982189
4.105   0.981253    0.981253
4.115   0.981103    0.981103
4.125   0.976836    0.976836
4.135   0.979028    0.979028
4.145   0.980605    0.980605
4.155   0.979216    0.979216
4.165   0.975867    0.975867
4.175   0.975098    0.975098
4.185   0.975659    0.975659
4.195   0.972171    0.972171
4.205   0.977652    0.977652
4.215   0.974441    0.974441
4.225   0.973873    0.973873
4.235   0.973665    0.973665
4.245   0.976271    0.976271
4.255   0.974619    0.974619
4.265   0.976765    0.976765
4.275   0.978953    0.978953
4.285   0.979303    0.979303
4.295   0.979152    0.979152
4.305   0.982972    0.982972
4.315   0.981995    0.981995
4.325   0.984609    0.984609
4.335   0.982926    0.982926
4.345   0.985827    0.985827
4.355   0.985676    0.985676
4.365   0.989744    0.989744
4.375   0.99277 0.99277
4.385   0.988398    0.988398
4.395   0.992287    0.992287
4.405   0.993796    0.993796
4.415   0.993221    0.993221
4.425   0.99783 0.99783
4.435   0.999903    0.999903
4.445   1.0024  1.0024
4.455   1.00213 1.00213
4.465   0.998366    0.998366
4.475   1.00448 1.00448
4.485   1.00276 1.00276
4.495   1.00713 1.00713
4.505   1.0068  1.0068
4.515   1.0097  1.0097
4.525   1.01107 1.01107
4.535   1.00641 1.00641
4.545   1.01154 1.01154
4.555   1.01059 1.01059
4.565   1.01396 1.01396
4.575   1.01214 1.01214
4.585   1.01577 1.01577
4.595   1.01842 1.01842
4.605   1.01677 1.01677
4.615   1.01581 1.01581
4.625   1.01839 1.01839
4.635   1.01433 1.01433
4.645   1.02    1.02
4.655   1.0116  1.0116
4.665   1.01634 1.01634
4.675   1.01762 1.01762
4.685   1.01904 1.01904
4.695   1.01769 1.01769
4.705   1.01022 1.01022
4.715   1.01396 1.01396
4.725   1.017   1.017
4.735   1.01329 1.01329
4.745   1.01233 1.01233
4.755   1.01143 1.01143
4.765   1.01437 1.01437
4.775   1.01068 1.01068
4.785   1.00892 1.00892
4.795   1.00977 1.00977
4.805   1.00785 1.00785
4.815   1.01263 1.01263
4.825   1.00731 1.00731
4.835   1.00512 1.00512
4.845   1.00144 1.00144
4.855   1.0093  1.0093
4.865   1.00164 1.00164
4.875   1.00118 1.00118
4.885   0.998971    0.998971
4.895   0.999152    0.999152
4.905   0.999393    0.999393
4.915   0.999061    0.999061
4.925   0.993045    0.993045
4.935   1.0007  1.0007
4.945   0.99802 0.99802
4.955   0.995745    0.995745
4.965   0.991485    0.991485
4.975   0.994454    0.994454
4.985   0.993665    0.993665
4.995   0.994427    0.994427
